10001101011101011111010110101100
01010100111101100101100011001101
01101010010011011110011010101011
00101010100101110101111101101110
10010101100001101110011101100011
11010001111111100111100111001001
00110100111100111001000110111101
11101111000011110100111100101101
00110111001001001111011110111111
10110110001101110100110000101110
10111100110110010011001100111010
01101001110101011101011100100111
11101011010111101000110101100100
10010011111101110101011001011011
01111001101011101101000111111110
10100110101001001110101101110101
00100110011010110010111010111101
01101001010101010111101111110111
01011101101010110101101010010100
10110101010011111010110110100111
01010010010110101101001001111010
11010110111010010010001110110100
10100010011101101010011101010010
11001110101110110100100110110100
1011110011101011100111000101100